-0.832646 -1.178236 -0.517925 4.480751 -2.080577 -1.075381
-0.796800 -1.194880 -0.526528 4.550615 -1.975808 -1.029215
-0.760395 -1.210687 -0.534762 4.617713 -1.868977 -0.982027
-0.723453 -1.225638 -0.542618 4.681958 -1.760135 -0.933840
-0.685997 -1.239720 -0.550089 4.743269 -1.649335 -0.884676
-0.648051 -1.252914 -0.557166 4.801562 -1.536635 -0.834559
-0.609639 -1.265207 -0.563843 4.856754 -1.422093 -0.783513
-0.570785 -1.276584 -0.570111 4.908762 -1.305774 -0.731566
-0.531515 -1.287030 -0.575964 4.957506 -1.187743 -0.678745
-0.491854 -1.296532 -0.581393 5.002906 -1.068069 -0.625081
-0.451831 -1.305077 -0.586394 5.044881 -0.946827 -0.570605
-0.411472 -1.312651 -0.590959 5.083354 -0.824093 -0.515349
-0.370805 -1.319244 -0.595082 5.118249 -0.699945 -0.459349
-0.329859 -1.324844 -0.598757 5.149490 -0.574467 -0.402640
-0.288663 -1.329439 -0.601978 5.177006 -0.447747 -0.345260
-0.247247 -1.333021 -0.604740 5.200723 -0.319873 -0.287249
-0.205642 -1.335580 -0.607038 5.220575 -0.190940 -0.228647
-0.163877 -1.337108 -0.608867 5.236496 -0.061044 -0.169498
-0.121985 -1.337596 -0.610223 5.248420 0.069714 -0.109845
-0.079998 -1.337039 -0.611102 5.256289 0.201231 -0.049734
-0.037947 -1.335429 -0.611500 5.260045 0.333399 0.010786
0.004133 -1.332761 -0.611413 5.259633 0.466108 0.071667
0.046210 -1.329033 -0.610840 5.255004 0.599245 0.132859
0.088250 -1.324239 -0.609777 5.246111 0.732693 0.194308
0.130219 -1.318377 -0.608223 5.232911 0.866332 0.255961
0.172082 -1.311446 -0.606175 5.215367 1.000041 0.317764
0.213805 -1.303446 -0.603633 5.193443 1.133693 0.379659
0.255353 -1.294377 -0.600596 5.167113 1.267161 0.441589
0.296690 -1.284239 -0.597063 5.136351 1.400315 0.503494
0.337780 -1.273037 -0.593035 5.101140 1.533022 0.565315
0.378590 -1.260773 -0.588512 5.061464 1.665148 0.626989
0.419081 -1.247451 -0.583496 5.017318 1.796555 0.688455
0.459220 -1.233079 -0.577989 4.968698 1.927107 0.749650
0.498969 -1.217662 -0.571992 4.915609 2.056663 0.810508
0.538294 -1.201209 -0.565508 4.858061 2.185083 0.870966
0.577159 -1.183728 -0.558540 4.796069 2.312225 0.930957
0.615527 -1.165230 -0.551092 4.729657 2.437947 0.990417
0.653365 -1.145727 -0.543169 4.658854 2.562106 1.049279
0.690635 -1.125230 -0.534775 4.583696 2.684559 1.107475
0.727305 -1.103753 -0.525915 4.504225 2.805164 1.164941
0.763339 -1.081312 -0.516595 4.420490 2.923779 1.221609
0.798703 -1.057922 -0.506822 4.332548 3.040262 1.277414
0.833363 -1.033600 -0.496603 4.240461 3.154475 1.332288
0.867287 -1.008364 -0.485945 4.144300 3.266279 1.386168
0.900441 -0.982234 -0.474855 4.044140 3.375536 1.438988
0.932794 -0.955230 -0.463343 3.940066 3.482114 1.490684
0.964315 -0.927373 -0.451418 3.832167 3.585879 1.541194
0.994972 -0.898686 -0.439088 3.720540 3.686704 1.590456
1.024737 -0.869192 -0.426365 3.605287 3.784462 1.638410
1.053579 -0.838916 -0.413258 3.486519 3.879032 1.684995
1.081471 -0.807884 -0.399778 3.364351 3.970294 1.730156
1.108386 -0.776122 -0.385936 3.238904 4.058136 1.773836
1.134297 -0.743657 -0.371746 3.110306 4.142446 1.815982
1.159179 -0.710517 -0.357218 2.978690 4.223120 1.856542
1.183009 -0.676732 -0.342365 2.844193 4.300058 1.895465
1.205763 -0.642332 -0.327202 2.706959 4.373165 1.932706
1.227418 -0.607346 -0.311740 2.567135 4.442352 1.968218
1.247955 -0.571807 -0.295994 2.424873 4.507536 2.001961
1.267354 -0.535747 -0.279979 2.280330 4.568638 2.033892
1.285597 -0.499198 -0.263708 2.133665 4.625588 2.063977
1.302666 -0.462193 -0.247196 1.985041 4.678321 2.092180
1.318547 -0.424767 -0.230458 1.834625 4.726777 2.118470
1.333224 -0.386953 -0.213510 1.682585 4.770905 2.142819
1.346684 -0.348785 -0.196368 1.529092 4.810659 2.165200
1.358917 -0.310300 -0.179046 1.374318 4.846001 2.185593
1.369911 -0.271532 -0.161562 1.218437 4.876898 2.203977
1.379659 -0.232517 -0.143930 1.061625 4.903326 2.220336
1.388152 -0.193290 -0.126167 0.904057 4.925266 2.234657
1.395384 -0.153888 -0.108290 0.745909 4.942707 2.246930
1.401352 -0.114346 -0.090314 0.587355 4.955645 2.257149
1.406051 -0.074701 -0.072257 0.428573 4.964081 2.265309
1.409479 -0.034989 -0.054135 0.269734 4.968024 2.271409
1.411637 0.004756 -0.035963 0.111013 4.967489 2.275453
1.412525 0.044495 -0.017760 -0.047421 4.962498 2.277445
1.412146 0.084195 0.000460 -0.205397 4.953079 2.277393
1.410503 0.123820 0.018679 -0.362749 4.939266 2.275310
1.407601 0.163334 0.036881 -0.519314 4.921099 2.271207
1.403446 0.202703 0.055051 -0.674929 4.898623 2.265103
1.398047 0.241892 0.073172 -0.829438 4.871890 2.257016
1.391411 0.280867 0.091228 -0.982686 4.840955 2.246969
1.383550 0.319595 0.109204 -1.134522 4.805882 2.234984
1.374473 0.358042 0.127084 -1.284800 4.766735 2.221090
1.364195 0.396176 0.144852 -1.433377 4.723587 2.205313
1.352728 0.433964 0.162495 -1.580116 4.676512 2.187687
1.340087 0.471376 0.179996 -1.724883 4.625590 2.168242
1.326288 0.508381 0.197342 -1.867549 4.570905 2.147014
1.311348 0.544948 0.214518 -2.007990 4.512543 2.124040
1.295284 0.581049 0.231511 -2.146088 4.450594 2.099357
1.278115 0.616654 0.248306 -2.281727 4.385151 2.073006
1.259861 0.651735 0.264890 -2.414800 4.316312 2.045027
1.240543 0.686265 0.281250 -2.545203 4.244174 2.015463
1.220181 0.720219 0.297373 -2.672836 4.168837 1.984357
1.198799 0.753569 0.313248 -2.797607 4.090406 1.951754
1.176418 0.786293 0.328862 -2.919426 4.008984 1.917700
1.153062 0.818364 0.344204 -3.038213 3.924678 1.882241
1.128757 0.849762 0.359262 -3.153887 3.837595 1.845424
1.103525 0.880463 0.374025 -3.266378 3.747843 1.807297
1.077394 0.910445 0.388484 -3.375616 3.655532 1.767908
1.050390 0.939690 0.402627 -3.481540 3.560771 1.727306
1.022537 0.968176 0.416445 -3.584091 3.463671 1.685540
0.993864 0.995885 0.429930 -3.683218 3.364343 1.642659
0.964399 1.022800 0.443071 -3.778872 3.262897 1.598714
0.934168 1.048903 0.455861 -3.871009 3.159443 1.553752
0.903200 1.074179 0.468291 -3.959592 3.054092 1.507824
0.871523 1.098611 0.480353 -4.044584 2.946953 1.460979
0.839166 1.122187 0.492041 -4.125958 2.838135 1.413266
0.806159 1.144892 0.503347 -4.203686 2.727747 1.364734
0.772529 1.166714 0.514265 -4.277747 2.615897 1.315432
0.738307 1.187641 0.524789 -4.348123 2.502689 1.265409
0.703522 1.207663 0.534912 -4.414800 2.388231 1.214712
0.668204 1.226769 0.544630 -4.477769 2.272625 1.163388
0.632382 1.244950 0.553937 -4.537022 2.155975 1.111485
0.596085 1.262197 0.562829 -4.592557 2.038383 1.059049
0.559345 1.278504 0.571301 -4.644372 1.919947 1.006126
0.522190 1.293864 0.579350 -4.692472 1.800768 0.952761
0.484650 1.308270 0.586972 -4.736862 1.680940 0.898999
0.446755 1.321718 0.594164 -4.777552 1.560561 0.844884
0.408535 1.334202 0.600923 -4.814552 1.439723 0.790459
0.370018 1.345720 0.607247 -4.847879 1.318517 0.735766
0.331235 1.356268 0.613133 -4.877548 1.197035 0.680847
0.292215 1.365844 0.618580 -4.903579 1.075365 0.625743
0.252986 1.374447 0.623586 -4.925993 0.953593 0.570495
0.213578 1.382076 0.628150 -4.944813 0.831803 0.515142
0.174020 1.388730 0.632271 -4.960066 0.710079 0.459723
0.134339 1.394411 0.635949 -4.971779 0.588502 0.404275
