0.050801 -0.401164 -0.219558 8.151745 1.773443 0.101990
0.116015 -0.386977 -0.218742 7.775627 3.028012 0.811145
0.178220 -0.362753 -0.212253 7.195127 4.209573 1.502496
0.235781 -0.329076 -0.200233 6.412414 5.301994 2.167200
0.287080 -0.286660 -0.182895 5.428217 6.284749 2.794219
0.330506 -0.236382 -0.160541 4.243810 7.131851 3.369536
0.364457 -0.179327 -0.133585 2.863616 7.810962 3.875421
0.387366 -0.116840 -0.102582 1.298693 8.282983 4.289842
0.397755 -0.050576 -0.068263 -0.428711 8.502628 4.586299
0.394325 0.017445 -0.031572 -2.279664 8.420740 4.734499
0.376088 0.084811 0.006304 -4.192802 7.989310 4.702433
0.342546 0.148726 0.043923 -6.079973 7.169942 4.460450
0.293906 0.206085 0.079607 -7.825986 5.945646 3.987529
0.231298 0.253650 0.111507 -9.295620 4.333988 3.279030
0.156933 0.288322 0.137739 -10.349745 2.397317 2.353832
0.074135 0.307501 0.156570 -10.868730 0.244646 1.257760
-0.012815 0.309458 0.166632 -10.776673 -1.978394 0.060734
-0.099028 0.293631 0.167118 -10.057752 -4.110087 -1.152502
-0.179490 0.260750 0.157898 -8.758781 -5.997137 -2.295208
-0.249560 0.212773 0.139536 -6.978307 -7.515154 -3.290720
-0.305387 0.152652 0.113210 -4.847835 -8.580100 -4.080509
-0.344170 0.084011 0.080566 -2.512121 -9.150244 -4.627274
-0.364267 0.010809 0.043548 -0.113284 -9.221426 -4.914055
-0.365173 -0.062962 0.004236 2.219531 -8.819207 -4.941113
-0.347417 -0.133516 -0.035293 4.375468 -7.990658 -4.722095
-0.312413 -0.197441 -0.073070 6.263701 -6.797316 -4.280457
-0.262303 -0.251820 -0.107314 7.813122 -5.309821 -3.646557
-0.199798 -0.294298 -0.136486 8.971124 -3.604111 -2.855502
-0.128029 -0.323131 -0.159330 9.702248 -1.758835 -1.945630
-0.050411 -0.337202 -0.174895 9.987084 0.146437 -0.957430
0.029485 -0.336030 -0.182555 9.821578 2.032624 0.067276
0.108058 -0.319769 -0.182016 9.216746 3.822464 1.086074
0.181792 -0.289190 -0.173328 8.198654 5.442016 2.056764
0.247381 -0.245654 -0.156874 6.808460 6.822501 2.938339
0.301849 -0.191074 -0.133367 5.102261 7.902543 3.692195
0.342667 -0.127853 -0.103829 3.150455 8.630785 4.283600
0.367871 -0.058807 -0.069561 1.036344 8.968741 4.683358
0.376161 0.012943 -0.032094 -1.146262 8.893642 4.869576
0.366991 0.084092 0.006863 -3.296529 8.400931 4.829366
0.340619 0.151300 0.045498 -5.311174 7.506046 4.560263
0.298130 0.211348 0.081980 -7.089882 6.245097 4.071153
0.241411 0.261309 0.114549 -8.541187 4.674168 3.382510
0.173081 0.298702 0.141609 -9.588279 2.867106 2.525816
0.096375 0.321639 0.161816 -10.174147 0.911848 1.542131
0.014982 0.328934 0.174153 -10.265526 -1.094433 0.479913
-0.067142 0.320178 0.177992 -9.855234 -3.050966 -0.607753
-0.145984 0.295771 0.173130 -8.962699 -4.859281 -1.666254
-0.217686 0.256896 0.159800 -7.632683 -6.428865 -2.642599
-0.278747 0.205465 0.138659 -5.932411 -7.682139 -3.488377
-0.326207 0.144008 0.110752 -3.947446 -8.558428 -4.162302
-0.357786 0.075541 0.077454 -1.776705 -9.016745 -4.632225
-0.372000 0.003407 0.040396 0.472976 -9.037349 -4.876521
-0.368216 -0.068892 0.001384 2.692362 -8.622109 -4.884861
-0.346677 -0.137869 -0.037695 4.775145 -7.793815 -4.658394
-0.308476 -0.200219 -0.074962 6.622835 -6.594554 -4.209390
-0.255493 -0.252976 -0.108637 8.149088 -5.083341 -3.560417
-0.190301 -0.293642 -0.137121 9.283345 -3.333130 -2.743130
-0.116034 -0.320308 -0.159066 9.973723 -1.427365 -1.796721
-0.036244 -0.331726 -0.173440 10.189093 0.543820 -0.766108
0.045269 -0.327376 -0.179568 9.920310 2.487613 0.300079
0.124631 -0.307475 -0.177168 9.180562 4.312631 1.351659
0.198076 -0.272974 -0.166355 8.004798 5.932986 2.339128
0.262114 -0.225510 -0.147642 6.448253 7.272161 3.215886
0.313700 -0.167333 -0.121914 4.584063 8.266550 3.940374
0.350373 -0.101200 -0.090391 2.500054 8.868488 4.478020
0.370373 -0.030252 -0.054567 0.294787 9.048617 4.802923
0.372731 0.042136 -0.016144 -1.926979 8.797451 4.899153
0.357315 0.112516 0.023049 -4.059217 8.126024 4.761609
0.324842 0.177524 0.061142 -5.999721 7.065549 4.396364
0.276844 0.234049 0.096313 -7.655088 5.666072 3.820467
0.215603 0.279377 0.126877 -8.945341 3.994171 3.061187
0.144041 0.311331 0.151366 -9.807919 2.129788 2.154739
0.065577 0.328369 0.168604 -10.200824 0.162366 1.144547
-0.016029 0.329668 0.177761 -10.104751 -1.813520 0.079127
-0.096867 0.315160 0.178394 -9.524063 -3.702797 -0.990283
-0.173060 0.285537 0.170471 -8.486588 -5.414560 -2.012240
-0.240953 0.242221 0.154373 -7.042236 -6.866514 -2.937607
-0.297291 0.187289 0.130873 -5.260528 -7.988965 -3.721947
-0.339375 0.123377 0.101097 -3.227168 -8.728176 -4.327669
-0.365192 0.053552 0.066476 -1.039856 -9.048923 -4.725824
-0.373511 -0.018840 0.028669 1.196463 -8.936123 -4.897474
-0.363939 -0.090329 -0.010511 3.374655 -8.395502 -4.834567
-0.336942 -0.157493 -0.049187 5.390531 -7.453245 -4.540287
-0.293818 -0.217119 -0.085510 7.147806 -6.154694 -4.028869
-0.236635 -0.266356 -0.117740 8.562660 -4.562137 -3.324893
-0.168134 -0.302853 -0.144340 9.567690 -2.751814 -2.462096
-0.091593 -0.324868 -0.164036 10.115082 -0.810279 -1.481751
-0.010672 -0.331350 -0.175890 10.178852 1.169719 -0.430710
0.070759 -0.321992 -0.179336 9.756065 3.093637 0.640830
0.148807 -0.297243 -0.174209 8.866963 4.869619 1.681704
0.219743 -0.258286 -0.160756 7.554016 6.412859 2.642207
0.280175 -0.206983 -0.139618 5.879905 7.649632 3.476457
0.327215 -0.145786 -0.111806 3.924563 8.520811 4.144581
0.358611 -0.077620 -0.078650 1.781379 8.984694 4.614620
0.372862 -0.005742 -0.041733 -0.447240 9.019017 4.864060
0.369284 0.066410 -0.002820 -2.654751 8.622032 4.880919
0.348046 0.135386 0.036227 -4.735565 7.812619 4.664334
0.310162 0.197887 0.073542 -6.590104 6.629400 4.224609
0.257441 0.250922 0.107339 -8.129575 5.128910 3.582735
0.192404 0.291953 0.136000 -9.280240 3.382896 2.769391
0.118162 0.319017 0.158156 -9.986956 1.474890 1.823479
0.038267 0.330816 0.172743 -10.215838 -0.503794 0.790262
-0.043460 0.326785 0.179065 -9.955883 -2.458444 -0.280809
-0.123107 0.307118 0.176819 -9.219511 -4.295488 -1.338462
-0.196863 0.272754 0.166111 -8.041959 -5.926985 -2.332069
-0.261199 0.225338 0.147455 -6.479597 -7.274845 -3.214070
-0.313036 0.167139 0.121742 -4.607217 -8.274566 -3.942254
-0.349893 0.100943 0.090204 -2.514445 -8.878322 -4.481780
-0.370009 0.029916 0.054350 -0.301444 -9.057248 -4.806844
-0.372421 -0.042542 0.015895 1.925888 -8.802819 -4.901908
-0.357013 -0.112964 -0.023320 4.060985 -8.127243 -4.762443
-0.324526 -0.177982 -0.061420 6.001710 -7.062874 -4.395142
-0.276512 -0.234485 -0.096581 7.655241 -5.660660 -3.817592
-0.215270 -0.279771 -0.127122 8.942505 -3.987697 -3.057435
-0.143730 -0.311672 -0.151581 9.801953 -2.124021 -2.151041
-0.065314 -0.328664 -0.168789 10.192498 -0.158781 -1.141769
0.016226 -0.329935 -0.177923 10.095478 1.814024 -0.077896
0.096990 -0.315422 -0.178547 9.515545 3.700039 0.989693
0.173114 -0.285822 -0.170629 8.480443 5.409058 2.009938
0.240957 -0.242550 -0.154550 7.039681 6.859341 2.934040
0.297275 -0.187675 -0.131077 5.262167 7.981517 3.717799
0.339372 -0.123823 -0.101335 3.232918 8.721905 4.323722
0.365236 -0.054048 -0.066745 1.048995 9.045081 4.722824
0.373628 0.018313 -0.028963 -1.185138 8.935577 4.896008
0.364146 0.089798 0.010206 -3.362609 8.398617 4.834982
