-0.634905 0.691055 0.299600 -4.903567 -3.734764 -1.591655
-0.674134 0.661177 0.286867 -4.680849 -3.953201 -1.686429
-0.711581 0.629551 0.273375 -4.447019 -4.160075 -1.776262
-0.747157 0.596270 0.259165 -4.202821 -4.354959 -1.860967
-0.780779 0.561431 0.244277 -3.949011 -4.537464 -1.940375
-0.812371 0.525131 0.228754 -3.686356 -4.707249 -2.014335
-0.841862 0.487473 0.212640 -3.415630 -4.864011 -2.082716
-0.869187 0.448561 0.195978 -3.137612 -5.007487 -2.145401
-0.894288 0.408501 0.178815 -2.853083 -5.137457 -2.202293
-0.917113 0.367401 0.161196 -2.562824 -5.253737 -2.253311
-0.937615 0.325372 0.143170 -2.267614 -5.356181 -2.298388
-0.955756 0.282522 0.124783 -1.968228 -5.444679 -2.337476
-0.971502 0.238965 0.106083 -1.665434 -5.519159 -2.370539
-0.984826 0.194811 0.087119 -1.359994 -5.579579 -2.397559
-0.995706 0.150175 0.067938 -1.052660 -5.625932 -2.418528
-1.004127 0.105167 0.048590 -0.744175 -5.658241 -2.433456
-1.010080 0.059901 0.029122 -0.435270 -5.676560 -2.442362
-1.013562 0.014489 0.009583 -0.126663 -5.680972 -2.445280
-1.014576 -0.030959 -0.009979 0.180941 -5.671586 -2.442255
-1.013128 -0.076332 -0.029517 0.486849 -5.648538 -2.433342
-1.009233 -0.121520 -0.048984 0.790386 -5.611989 -2.418610
-1.002910 -0.166416 -0.068333 1.090889 -5.562126 -2.398136
-0.994183 -0.210913 -0.087518 1.387713 -5.499156 -2.372006
-0.983081 -0.254906 -0.106494 1.680228 -5.423309 -2.340319
-0.969640 -0.298292 -0.125216 1.967821 -5.334836 -2.303180
-0.953897 -0.340971 -0.143642 2.249897 -5.234008 -2.260704
-0.935898 -0.382843 -0.161727 2.525874 -5.121115 -2.213014
-0.915691 -0.423812 -0.179431 2.795192 -4.996466 -2.160241
-0.893329 -0.463784 -0.196713 3.057306 -4.860386 -2.102523
-0.868871 -0.502667 -0.213534 3.311688 -4.713218 -2.040006
-0.842377 -0.540373 -0.229854 3.557830 -4.555322 -1.972843
-0.813915 -0.576815 -0.245636 3.795240 -4.387071 -1.901193
-0.783553 -0.611912 -0.260846 4.023444 -4.208856 -1.825224
-0.751365 -0.645583 -0.275448 4.241988 -4.021080 -1.745106
-0.717429 -0.677751 -0.289408 4.450434 -3.824163 -1.661020
-0.681826 -0.708345 -0.302697 4.648365 -3.618534 -1.573149
-0.644639 -0.737293 -0.315282 4.835379 -3.404640 -1.481683
-0.605956 -0.764530 -0.327135 5.011097 -3.182938 -1.386819
-0.565867 -0.789994 -0.338230 5.175156 -2.953899 -1.288758
-0.524466 -0.813625 -0.348540 5.327214 -2.718005 -1.187706
-0.481848 -0.835369 -0.358042 5.466949 -2.475750 -1.083874
-0.438113 -0.855175 -0.366713 5.594058 -2.227639 -0.977480
-0.393360 -0.872996 -0.374532 5.708259 -1.974190 -0.868746
-0.347694 -0.888789 -0.381482 5.809290 -1.715931 -0.757897
-0.301220 -0.902517 -0.387546 5.896912 -1.453398 -0.645164
-0.254044 -0.914144 -0.392707 5.970906 -1.187142 -0.530783
-0.206277 -0.923641 -0.396953 6.031076 -0.917719 -0.414993
-0.158029 -0.930983 -0.400273 6.077250 -0.645697 -0.298038
-0.109411 -0.936148 -0.402657 6.109278 -0.371654 -0.180166
-0.060536 -0.939122 -0.404099 6.127036 -0.096173 -0.061628
-0.011520 -0.939891 -0.404592 6.130423 0.180152 0.057320
0.037523 -0.938450 -0.404133 6.119364 0.456720 0.176421
0.086478 -0.934796 -0.402722 6.093813 0.732924 0.295413
0.135229 -0.928933 -0.400358 6.053747 1.008151 0.414033
0.183659 -0.920868 -0.397046 5.999174 1.281781 0.532013
0.231652 -0.910613 -0.392790 5.930129 1.553192 0.649085
0.279093 -0.898188 -0.387597 5.846679 1.821754 0.764978
0.325867 -0.883614 -0.381478 5.748919 2.086840 0.879422
0.371858 -0.866919 -0.374442 5.636975 2.347816 0.992144
0.416954 -0.848136 -0.366505 5.511007 2.604051 1.102870
0.461042 -0.827304 -0.357682 5.371206 2.854913 1.211330
0.504011 -0.804465 -0.347992 5.217798 3.099772 1.317250
0.545754 -0.779667 -0.337454 5.051040 3.338003 1.420360
0.586162 -0.752963 -0.326091 4.871227 3.568984 1.520393
0.625132 -0.724411 -0.313927 4.678687 3.792102 1.617082
0.662561 -0.694074 -0.300991 4.473785 4.006750 1.710166
0.698352 -0.662020 -0.287309 4.256919 4.212332 1.799387
0.732407 -0.628321 -0.272914 4.028528 4.408266 1.884492
0.764635 -0.593055 -0.257838 3.789082 4.593982 1.965234
0.794948 -0.556303 -0.242117 3.539089 4.768926 2.041374
0.823261 -0.518152 -0.225786 3.279095 4.932564 2.112679
0.849493 -0.478691 -0.208884 3.009679 5.084380 2.178927
0.873571 -0.438016 -0.191453 2.731455 5.223884 2.239903
0.895422 -0.396225 -0.173534 2.445072 5.350609 2.295404
0.914983 -0.353420 -0.155170 2.151211 5.464115 2.345239
0.932193 -0.309707 -0.136408 1.850588 5.563993 2.389229
0.946997 -0.265195 -0.117295 1.543947 5.649864 2.427210
0.959349 -0.219997 -0.097877 1.232061 5.721386 2.459030
0.969205 -0.174225 -0.078205 0.915733 5.778249 2.484554
0.976531 -0.127999 -0.058328 0.595788 5.820186 2.503664
0.981298 -0.081438 -0.038299 0.273077 5.846968 2.516259
0.983482 -0.034662 -0.018169 -0.051529 5.858408 2.522256
0.983070 0.012205 0.002009 -0.377144 5.854366 2.521591
0.980053 0.059040 0.022182 -0.702862 5.834744 2.514219
0.974430 0.105718 0.042296 -1.027770 5.799494 2.500116
0.966208 0.152114 0.062297 -1.350941 5.748616 2.479279
0.955400 0.198103 0.082131 -1.671448 5.682159 2.451727
0.942029 0.243560 0.101745 -1.988357 5.600222 2.417499
0.926122 0.288362 0.121085 -2.300740 5.502957 2.376657
0.907716 0.332386 0.140098 -2.607673 5.390565 2.329284
0.886855 0.375510 0.158732 -2.908240 5.263300 2.275488
0.863589 0.417616 0.176936 -3.201540 5.121465 2.215395
0.837976 0.458588 0.194659 -3.486688 4.965416 2.149156
0.810083 0.498311 0.211853 -3.762822 4.795556 2.076942
0.779980 0.536676 0.228468 -4.029102 4.612338 1.998944
0.747747 0.573575 0.244460 -4.284718 4.416263 1.915376
0.713470 0.608905 0.259783 -4.528892 4.207875 1.826470
0.677239 0.642568 0.274394 -4.760880 3.987763 1.732476
0.639151 0.674470 0.288254 -4.979979 3.756557 1.633663
0.599312 0.704522 0.301323 -5.185526 3.514926 1.530318
0.557827 0.732642 0.313566 -5.376904 3.263573 1.422741
0.514812 0.758750 0.324948 -5.553541 3.003238 1.311247
0.470384 0.782776 0.335438 -5.714918 2.734687 1.196167
0.424665 0.804654 0.345007 -5.860566 2.458715 1.077840
0.377780 0.824323 0.353630 -5.990067 2.176140 0.956617
0.329859 0.841732 0.361283 -6.103063 1.887799 0.832857
0.281035 0.856835 0.367946 -6.199247 1.594548 0.706928
0.231441 0.869591 0.373601 -6.278371 1.297253 0.579202
0.181214 0.879969 0.378235 -6.340246 0.996791 0.450055
0.130492 0.887944 0.381835 -6.384738 0.694043 0.319867
0.079414 0.893496 0.384394 -6.411771 0.389894 0.189018
0.028120 0.896615 0.385906 -6.421326 0.085227 0.057888
-0.023251 0.897297 0.386369 -6.413441 -0.219082 -0.073145
-0.074558 0.895544 0.385784 -6.388208 -0.522161 -0.203706
-0.125664 0.891367 0.384155 -6.345775 -0.823153 -0.333426
-0.176430 0.884782 0.381487 -6.286340 -1.121214 -0.461939
-0.226721 0.875812 0.377792 -6.210154 -1.415516 -0.588890
-0.276402 0.864488 0.373081 -6.117517 -1.705253 -0.713930
-0.325342 0.850846 0.367369 -6.008774 -1.989641 -0.836719
-0.373412 0.834929 0.360675 -5.884317 -2.267919 -0.956931
-0.420487 0.816785 0.353020 -5.744580 -2.539355 -1.074247
-0.466443 0.796471 0.344426 -5.590036 -2.803245 -1.188364
-0.511164 0.774045 0.334919 -5.421197 -3.058914 -1.298989
-0.554533 0.749573 0.324527 -5.238609 -3.305722 -1.405844
-0.596442 0.723128 0.313280 -5.042850 -3.543061 -1.508666
