0.065511 -0.658974 -0.300619 7.303040 0.749991 -0.124750
0.123936 -0.652974 -0.301617 7.201282 1.286124 0.122897
0.181546 -0.642685 -0.300634 7.053812 1.808175 0.367102
0.237976 -0.628220 -0.297697 6.862488 2.313240 0.606439
0.292876 -0.609714 -0.292846 6.629334 2.798625 0.839569
0.345911 -0.587325 -0.286129 6.356517 3.261842 1.065237
0.396763 -0.561230 -0.277607 6.046329 3.700610 1.282270
0.445134 -0.531625 -0.267349 5.701163 4.112844 1.489578
0.490743 -0.498722 -0.255433 5.323498 4.496650 1.686153
0.533331 -0.462749 -0.241943 4.915890 4.850315 1.871063
0.572658 -0.423947 -0.226975 4.480952 5.172305 2.043452
0.608506 -0.382568 -0.210627 4.021352 5.461256 2.202538
0.640676 -0.338878 -0.193007 3.539801 5.715967 2.347607
0.668995 -0.293151 -0.174226 3.039049 5.935395 2.478018
0.693307 -0.245667 -0.154402 2.521877 6.118650 2.593194
0.713482 -0.196718 -0.133656 1.991099 6.264994 2.692624
0.729411 -0.146598 -0.112115 1.449553 6.373834 2.775864
0.741007 -0.095608 -0.089909 0.900099 6.444727 2.842531
0.748208 -0.044050 -0.067168 0.345623 6.477371 2.892307
0.750973 0.007769 -0.044030 -0.210975 6.471613 2.924941
0.749285 0.059542 -0.020630 -0.766775 6.427446 2.940244
0.743151 0.110962 0.002892 -1.318844 6.345015 2.938096
0.732601 0.161722 0.026396 -1.864240 6.224619 2.918444
0.717687 0.211519 0.049744 -2.400012 6.066714 2.881309
0.698487 0.260052 0.072794 -2.923213 5.871922 2.826783
0.675101 0.307028 0.095409 -3.430899 5.641033 2.755034
0.647654 0.352156 0.117449 -3.920140 5.375012 2.666312
0.616292 0.395156 0.138779 -4.388032 5.075008 2.560950
0.581188 0.435756 0.159267 -4.831706 4.742356 2.439367
0.542535 0.473695 0.178782 -5.248340 4.378586 2.302074
0.500548 0.508724 0.197199 -5.635178 3.985429 2.149673
0.455466 0.540607 0.214396 -5.989547 3.564818 1.982865
0.407550 0.569126 0.230259 -6.308872 3.118894 1.802452
0.357079 0.594077 0.244678 -6.590704 2.650007 1.609334
0.304353 0.615277 0.257553 -6.832737 2.160716 1.404518
0.249692 0.632563 0.268789 -7.032838 1.653785 1.189113
0.193429 0.645793 0.278302 -7.189070 1.132180 0.964329
0.135916 0.654850 0.286017 -7.299721 0.599056 0.731478
0.077519 0.659643 0.291869 -7.363333 0.057752 0.491970
0.018612 0.660105 0.295804 -7.378728 -0.488234 0.247304
-0.040418 0.656199 0.297783 -7.345034 -1.035255 -0.000934
-0.099178 0.647917 0.297775 -7.261718 -1.579546 -0.251083
-0.157272 0.635281 0.295767 -7.128604 -2.117245 -0.501419
-0.214301 0.618343 0.291755 -6.945895 -2.644432 -0.750164
-0.269868 0.597187 0.285754 -6.714196 -3.157156 -0.995503
-0.323582 0.571930 0.277790 -6.434521 -3.651481 -1.235600
-0.375058 0.542718 0.267905 -6.108308 -4.123520 -1.468615
-0.423924 0.509730 0.256156 -5.737417 -4.569482 -1.692726
-0.469824 0.473174 0.242615 -5.324131 -4.985715 -1.906144
-0.512417 0.433288 0.227365 -4.871143 -5.368752 -2.107141
-0.551386 0.390338 0.210508 -4.381541 -5.715353 -2.294061
-0.586438 0.344616 0.192156 -3.858784 -6.022547 -2.465351
-0.617308 0.296435 0.172433 -3.306672 -6.287674 -2.619573
-0.643762 0.246134 0.151476 -2.729313 -6.508420 -2.755425
-0.665596 0.194066 0.129433 -2.131075 -6.682847 -2.871759
-0.682645 0.140604 0.106459 -1.516546 -6.809421 -2.967595
-0.694777 0.086128 0.082718 -0.890479 -6.887031 -3.042133
-0.701901 0.031032 0.058381 -0.257743 -6.915005 -3.094761
-0.703963 -0.024288 0.033623 0.376736 -6.893115 -3.125065
-0.700949 -0.079433 0.008622 1.008026 -6.821575 -3.132831
-0.692885 -0.134006 -0.016440 1.631246 -6.701043 -3.118044
-0.679835 -0.187614 -0.041385 2.241617 -6.532599 -3.080888
-0.661902 -0.239875 -0.066032 2.834514 -6.317732 -3.021740
-0.639226 -0.290417 -0.090206 3.405506 -6.058316 -2.941163
-0.611982 -0.338883 -0.113735 3.950406 -5.756580 -2.839895
-0.580379 -0.384936 -0.136454 4.465299 -5.415077 -2.718838
-0.544656 -0.428256 -0.158205 4.946580 -5.036652 -2.579041
-0.505084 -0.468550 -0.178837 5.390975 -4.624401 -2.421693
-0.461956 -0.505545 -0.198211 5.795563 -4.181637 -2.248097
-0.415591 -0.538998 -0.216195 6.157788 -3.711851 -2.059663
-0.366329 -0.568693 -0.232673 6.475474 -3.218673 -1.857886
-0.314525 -0.594442 -0.247536 6.746821 -2.705837 -1.644332
-0.260551 -0.616089 -0.260690 6.970411 -2.177143 -1.420622
-0.204787 -0.633506 -0.272055 7.145203 -1.636427 -1.188414
-0.147626 -0.646597 -0.281563 7.270523 -1.087527 -0.949394
-0.089461 -0.655297 -0.289158 7.346056 -0.534257 -0.705257
-0.030693 -0.659572 -0.294800 7.371830 0.019625 -0.457696
0.028282 -0.659415 -0.298461 7.348207 0.570433 -0.208392
0.087067 -0.654851 -0.300129 7.275858 1.114581 0.041000
0.145274 -0.645934 -0.299801 7.155755 1.648598 0.288856
0.202520 -0.632746 -0.297490 6.989145 2.169147 0.533596
0.258433 -0.615392 -0.293221 6.777538 2.673034 0.773687
0.312654 -0.594008 -0.287032 6.522685 3.157227 1.007654
0.364835 -0.568750 -0.278970 6.226561 3.618862 1.234085
0.414648 -0.539800 -0.269098 5.891348 4.055252 1.451631
0.461778 -0.507357 -0.257485 5.519415 4.463896 1.659019
0.505934 -0.471646 -0.244212 5.113305 4.842483 1.855046
0.546840 -0.432906 -0.229372 4.675717 5.188900 2.038592
0.584246 -0.391395 -0.213063 4.209491 5.501232 2.208616
0.617922 -0.347385 -0.195394 3.717590 5.777771 2.364161
0.647663 -0.301163 -0.176481 3.203091 6.017013 2.504357
0.673287 -0.253027 -0.156446 2.669168 6.217666 2.628420
0.694641 -0.203286 -0.135419 2.119077 6.378649 2.735659
0.711593 -0.152257 -0.113534 1.556146 6.499097 2.825474
0.724042 -0.100264 -0.090930 0.983759 6.578360 2.897358
0.731913 -0.047637 -0.067751 0.405345 6.616006 2.950900
0.735155 0.005291 -0.044144 -0.175637 6.611825 2.985786
0.733750 0.058186 -0.020257 -0.755709 6.565826 3.001801
0.727705 0.110712 0.003757 -1.331392 6.478242 2.998829
0.717053 0.162538 0.027748 -1.899214 6.349531 2.976856
0.701860 0.213334 0.051562 -2.455729 6.180374 2.935971
0.682214 0.262777 0.075050 -2.997534 5.971680 2.876367
0.658234 0.310551 0.098061 -3.521276 5.724581 2.798342
0.630063 0.356348 0.120448 -4.023680 5.440435 2.702299
0.597874 0.399871 0.142066 -4.501556 5.120821 2.588746
0.561861 0.440838 0.162776 -4.951824 4.767540 2.458299
0.522247 0.478978 0.182443 -5.371529 4.382608 2.311679
0.479275 0.514039 0.200936 -5.757860 3.968255 2.149710
0.433212 0.545785 0.218134 -6.108170 3.526914 1.973319
0.384346 0.574000 0.233920 -6.419999 3.061215 1.783535
0.332986 0.598490 0.248189 -6.691087 2.573978 1.581481
0.279458 0.619082 0.260840 -6.919400 2.068196 1.368378
0.224103 0.635627 0.271787 -7.103149 1.547025 1.145531
0.167277 0.648003 0.280952 -7.240806 1.013767 0.914329
0.109351 0.656114 0.288266 -7.331124 0.471853 0.676237
0.050702 0.659888 0.293676 -7.373154 -0.075177 0.432787
-0.008283 0.659287 0.297139 -7.366262 -0.623697 0.185570
-0.067213 0.654297 0.298623 -7.310141 -1.170019 -0.063772
-0.125695 0.644937 0.298113 -7.204821 -1.710416 -0.313563
-0.183333 0.631254 0.295604 -7.050680 -2.241152 -0.562097
-0.239739 0.613325 0.291108 -6.848453 -2.758513 -0.807656
-0.294526 0.591257 0.284646 -6.599226 -3.258832 -1.048523
-0.347320 0.565186 0.276258 -6.304446 -3.738520 -1.282991
-0.397756 0.535278 0.265994 -5.965909 -4.194104 -1.509383
-0.445483 0.501725 0.253919 -5.585758 -4.622250 -1.726064
